"12/16/2006;4.216;0.418;234.84;18.4;0;1;17;52.26667;SEMS10000X;"
"12/16/2006;5.36;0.436;233.63;23;0;1;16;72.333336;SEMS10000X;"
"12/16/2006;5.374;0.498;233.29;23;0;2;17;70.566666;SEMS10000X;"
"12/16/2006;5.388;0.502;233.74;23;0;1;17;71.8;SEMS10000X;"
"12/17/2006;3.666;0.528;235.68;15.8;0;1;17;43.1;SEMS10000X;"
"12/17/2006;3.52;0.522;235.02;15;0;2;17;39.666668;SEMS10000X;"
"12/17/2006;3.702;0.52;235.09;15.8;0;1;17;43.7;SEMS10000X;"
"12/17/2006;3.7;0.52;235.22;15.8;0;1;17;43.666668;SEMS10000X;"
"12/16/2006;4.216;0.418;234.84;18.4;0;1;17;52.26667;SEMS10000X;"
"12/16/2006;5.36;0.436;233.63;23;0;1;16;72.333336;SEMS10000X;"
"12/16/2006;5.374;0.498;233.29;23;0;2;17;70.566666;SEMS10000X;"
"12/16/2006;5.388;0.502;233.74;23;0;1;17;71.8;SEMS10000X;"
"12/17/2006;3.666;0.528;235.68;15.8;0;1;17;43.1;SEMS10000X;"
"12/17/2006;3.52;0.522;235.02;15;0;2;17;39.666668;SEMS10000X;"
"12/17/2006;3.702;0.52;235.09;15.8;0;1;17;43.7;SEMS10000X;"
"12/17/2006;3.7;0.52;235.22;15.8;0;1;17;43.666668;SEMS10000X;"
"12/16/2006;4.216;0.418;234.84;18.4;0;1;17;52.26667;SEMS10000X;"
"12/16/2006;5.36;0.436;233.63;23;0;1;16;72.333336;SEMS10000X;"
"12/16/2006;5.374;0.498;233.29;23;0;2;17;70.566666;SEMS10000X;"
"12/17/2006;3.666;0.528;235.68;15.8;0;1;17;43.1;SEMS10000X;"
"12/17/2006;3.52;0.522;235.02;15;0;2;17;39.666668;SEMS10000X;"
"12/17/2006;3.702;0.52;235.09;15.8;0;1;17;43.7;SEMS10000X;"
"12/18/2006;5.388;0.502;233.74;23;0;1;17;71.8;SEMS10000X;"
"12/18/2006;3.7;0.52;235.22;15.8;0;1;17;43.666668;SEMS10000X;"
"12/18/2006;3.7;0.52;235.22;15.8;0;1;17;43.666668;SEMS10000X;"
"12/19/2006;3.7;0.52;235.22;15.8;0;1;17;43.666668;SEMS10000X;"
"12/16/2006;4.216;0.418;234.84;18.4;0;1;17;52.26667;SEMS10000X;"
"12/16/2006;5.36;0.436;233.63;23;0;1;16;72.333336;SEMS10000X;"
"12/16/2006;5.374;0.498;233.29;23;0;2;17;70.566666;SEMS10000X;"
"12/17/2006;3.666;0.528;235.68;15.8;0;1;17;43.1;SEMS10000X;"
"12/17/2006;3.52;0.522;235.02;15;0;2;17;39.666668;SEMS10000X;"
"12/17/2006;3.702;0.52;235.09;15.8;0;1;17;43.7;SEMS10000X;"
"12/18/2006;5.388;0.502;233.74;23;0;1;17;71.8;SEMS10000X;"
"12/16/2006;4.216;0.418;234.84;18.4;0;1;17;52.26667;SEMS10000X;"
"12/16/2006;5.36;0.436;233.63;23;0;1;16;72.333336;SEMS10000X;"
"12/16/2006;5.374;0.498;233.29;23;0;2;17;70.566666;SEMS10000X;"
"12/17/2006;3.666;0.528;235.68;15.8;0;1;17;43.1;SEMS10000X;"
"12/17/2006;3.52;0.522;235.02;15;0;2;17;39.666668;SEMS10000X;"
"12/17/2006;3.702;0.52;235.09;15.8;0;1;17;43.7;SEMS10000X;"
"12/18/2006;5.388;0.502;233.74;23;0;1;17;71.8;SEMS10000X;"
"12/18/2006;3.7;0.52;235.22;15.8;0;1;17;43.666668;SEMS10000X;"
"12/18/2006;3.7;0.52;235.22;15.8;0;1;17;43.666668;SEMS10000X;"
"12/19/2006;3.7;0.52;235.22;15.8;0;1;17;43.666668;SEMS10000X;"
"12/16/2006;4.216;0.418;234.84;18.4;0;1;17;52.26667;SEMS10000X;"
"12/16/2006;5.36;0.436;233.63;23;0;1;16;72.333336;SEMS10000X;"
"12/16/2006;5.374;0.498;233.29;23;0;2;17;70.566666;SEMS10000X;"
"12/17/2006;3.666;0.528;235.68;15.8;0;1;17;43.1;SEMS10000X;"
"12/17/2006;3.52;0.522;235.02;15;0;2;17;39.666668;SEMS10000X;"
"12/17/2006;3.702;0.52;235.09;15.8;0;1;17;43.7;SEMS10000X;"
"12/18/2006;5.388;0.502;233.74;23;0;1;17;71.8;SEMS10000X;"
"12/18/2006;3.7;0.52;235.22;15.8;0;1;17;43.666668;SEMS10000X;"
"12/18/2006;3.7;0.52;235.22;15.8;0;1;17;43.666668;SEMS10000X;"
"12/19/2006;3.7;0.52;235.22;15.8;0;1;17;43.666668;SEMS10000X;"
"12/16/2006;4.216;0.418;234.84;18.4;0;1;17;52.26667;SEMS10000X;"
"12/16/2006;5.36;0.436;233.63;23;0;1;16;72.333336;SEMS10000X;"
"12/16/2006;5.374;0.498;233.29;23;0;2;17;70.566666;SEMS10000X;"
"12/17/2006;3.666;0.528;235.68;15.8;0;1;17;43.1;SEMS10000X;"
"12/17/2006;3.52;0.522;235.02;15;0;2;17;39.666668;SEMS10000X;"
"12/17/2006;3.702;0.52;235.09;15.8;0;1;17;43.7;SEMS10000X;"
"12/16/2006;4.216;0.418;234.84;18.4;0;1;17;52.26667;SEMS10000X;"
"12/16/2006;5.36;0.436;233.63;23;0;1;16;72.333336;SEMS10000X;"
"12/16/2006;5.374;0.498;233.29;23;0;2;17;70.566666;SEMS10000X;"
"12/17/2006;3.666;0.528;235.68;15.8;0;1;17;43.1;SEMS10000X;"
"12/17/2006;3.52;0.522;235.02;15;0;2;17;39.666668;SEMS10000X;"
"12/17/2006;3.702;0.52;235.09;15.8;0;1;17;43.7;SEMS10000X;"
"12/18/2006;5.388;0.502;233.74;23;0;1;17;71.8;SEMS10000X;"
"12/18/2006;3.7;0.52;235.22;15.8;0;1;17;43.666668;SEMS10000X;"
"12/18/2006;3.7;0.52;235.22;15.8;0;1;17;43.666668;SEMS10000X;"
"12/19/2006;3.7;0.52;235.22;15.8;0;1;17;43.666668;SEMS10000X;"
"12/16/2006;4.216;0.418;234.84;18.4;0;1;17;52.26667;SEMS10000X;"
"12/16/2006;5.36;0.436;233.63;23;0;1;16;72.333336;SEMS10000X;"
"12/16/2006;5.374;0.498;233.29;23;0;2;17;70.566666;SEMS10000X;"
"12/17/2006;3.666;0.528;235.68;15.8;0;1;17;43.1;SEMS10000X;"
"12/17/2006;3.52;0.522;235.02;15;0;2;17;39.666668;SEMS10000X;"
"12/17/2006;3.702;0.52;235.09;15.8;0;1;17;43.7;SEMS10000X;"
"12/18/2006;5.388;0.502;233.74;23;0;1;17;71.8;SEMS10000X;"
"12/18/2006;3.7;0.52;235.22;15.8;0;1;17;43.666668;SEMS10000X;"
"12/18/2006;3.7;0.52;235.22;15.8;0;1;17;43.666668;SEMS10000X;"
"12/19/2006;3.7;0.52;235.22;15.8;0;1;17;43.666668;SEMS10000X;"
"12/16/2006;4.216;0.418;234.84;18.4;0;1;17;52.26667;SEMS10000X;"
"12/16/2006;5.36;0.436;233.63;23;0;1;16;72.333336;SEMS10000X;"
"12/16/2006;5.374;0.498;233.29;23;0;2;17;70.566666;SEMS10000X;"
"12/17/2006;3.666;0.528;235.68;15.8;0;1;17;43.1;SEMS10000X;"
"12/17/2006;3.52;0.522;235.02;15;0;2;17;39.666668;SEMS10000X;"
"12/17/2006;3.702;0.52;235.09;15.8;0;1;17;43.7;SEMS10000X;"
"12/18/2006;5.388;0.502;233.74;23;0;1;17;71.8;SEMS10000X;"
"12/18/2006;3.7;0.52;235.22;15.8;0;1;17;43.666668;SEMS10000X;"
"12/18/2006;3.7;0.52;235.22;15.8;0;1;17;43.666668;SEMS10000X;"
"12/19/2006;3.7;0.52;235.22;15.8;0;1;17;43.666668;SEMS10000X;"
"12/16/2006;4.216;0.418;234.84;18.4;0;1;17;52.26667;SEMS10000X;"
"12/16/2006;5.36;0.436;233.63;23;0;1;16;72.333336;SEMS10000X;"
"12/16/2006;5.374;0.498;233.29;23;0;2;17;70.566666;SEMS10000X;"
"12/17/2006;3.666;0.528;235.68;15.8;0;1;17;43.1;SEMS10000X;"
"12/17/2006;3.52;0.522;235.02;15;0;2;17;39.666668;SEMS10000X;"
"12/17/2006;3.702;0.52;235.09;15.8;0;1;17;43.7;SEMS10000X;"
"12/18/2006;5.388;0.502;233.74;23;0;1;17;71.8;SEMS10000X;"
"12/16/2006;4.216;0.418;234.84;18.4;0;1;17;52.26667;SEMS10000X;"
"12/19/2006;3.7;0.52;235.22;15.8;0;1;17;43.666668;SEMS10000X;"
"12/17/2006;3.702;0.52;235.09;15.8;0;1;17;43.7;SEMS10000X;"
"12/17/2006;3.666;0.528;235.68;15.8;0;1;17;43.1;SEMS10000X;"
"12/18/2006;3.7;0.52;235.22;15.8;0;1;17;43.666668;SEMS10000X;"
"12/17/2006;3.52;0.522;235.02;15;0;2;17;39.666668;SEMS10000X;"
"12/18/2006;5.388;0.502;233.74;23;0;1;17;71.8;SEMS10000X;"
"12/16/2006;5.374;0.498;233.29;23;0;2;17;70.566666;SEMS10000X;"
"12/18/2006;3.7;0.52;235.22;15.8;0;1;17;43.666668;SEMS10000X;"
"12/16/2006;4.216;0.418;234.84;18.4;0;1;17;52.26667;SEMS10000X;"
"12/16/2006;5.36;0.436;233.63;23;0;1;16;72.333336;SEMS10000X;"
"12/16/2006;5.374;0.498;233.29;23;0;2;17;70.566666;SEMS10000X;"
"12/17/2006;3.666;0.528;235.68;15.8;0;1;17;43.1;SEMS10000X;"
"12/17/2006;3.52;0.522;235.02;15;0;2;17;39.666668;SEMS10000X;"
"12/17/2006;3.702;0.52;235.09;15.8;0;1;17;43.7;SEMS10000X;"
"12/18/2006;5.388;0.502;233.74;23;0;1;17;71.8;SEMS10000X;"
"12/18/2006;3.7;0.52;235.22;15.8;0;1;17;43.666668;SEMS10000X;"
"12/18/2006;3.7;0.52;235.22;15.8;0;1;17;43.666668;SEMS10000X;"
"12/19/2006;3.7;0.52;235.22;15.8;0;1;17;43.666668;SEMS10000X;"
"12/16/2006;4.216;0.418;234.84;18.4;0;1;17;52.26667;SEMS10000X;"
"12/16/2006;5.36;0.436;233.63;23;0;1;16;72.333336;SEMS10000X;"
"12/16/2006;5.374;0.498;233.29;23;0;2;17;70.566666;SEMS10000X;"
"12/17/2006;3.666;0.528;235.68;15.8;0;1;17;43.1;SEMS10000X;"
"12/17/2006;3.52;0.522;235.02;15;0;2;17;39.666668;SEMS10000X;"
"12/17/2006;3.702;0.52;235.09;15.8;0;1;17;43.7;SEMS10000X;"
"12/18/2006;5.388;0.502;233.74;23;0;1;17;71.8;SEMS10000X;"
"12/18/2006;3.7;0.52;235.22;15.8;0;1;17;43.666668;SEMS10000X;"
"12/18/2006;3.7;0.52;235.22;15.8;0;1;17;43.666668;SEMS10000X;"
"12/19/2006;3.7;0.52;235.22;15.8;0;1;17;43.666668;SEMS10000X;"
"12/16/2006;4.216;0.418;234.84;18.4;0;1;17;52.26667;SEMS10000X;"
"12/16/2006;5.36;0.436;233.63;23;0;1;16;72.333336;SEMS10000X;"
"12/16/2006;5.374;0.498;233.29;23;0;2;17;70.566666;SEMS10000X;"
"12/17/2006;3.666;0.528;235.68;15.8;0;1;17;43.1;SEMS10000X;"
"12/17/2006;3.52;0.522;235.02;15;0;2;17;39.666668;SEMS10000X;"
"12/17/2006;3.702;0.52;235.09;15.8;0;1;17;43.7;SEMS10000X;"
"12/18/2006;5.388;0.502;233.74;23;0;1;17;71.8;SEMS10000X;"
"12/18/2006;3.7;0.52;235.22;15.8;0;1;17;43.666668;SEMS10000X;"
"12/18/2006;3.7;0.52;235.22;15.8;0;1;17;43.666668;SEMS10000X;"
"12/19/2006;3.7;0.52;235.22;15.8;0;1;17;43.666668;SEMS10000X;"
